[gd_scene load_steps=6 format=3 uid="uid://cqjcr102j6qgh"]

[ext_resource type="Script" path="res://scripts/scenes/road.gd" id="1_rxb2r"]
[ext_resource type="PackedScene" uid="uid://b2kcwgd452h13" path="res://scenes/checkpoint.tscn" id="2_hdaay"]
[ext_resource type="PackedScene" uid="uid://c6dma07wp8iwn" path="res://scenes/negative_checkpoint.tscn" id="3_24a50"]

[sub_resource type="Curve3D" id="Curve3D_8xb2r"]
_data = {
"points": PackedVector3Array(0, 0, 0, 0, 0, 0, -33.9674, -0.000244141, -60.9099, -10.6857, 0, -3.43034, 10.6857, 0, 3.43034, -15.6515, -0.00012207, -43.8035, -5.84754, 0, 4.17247, 5.84754, 0, -4.17247, 9.74877, -0.000244141, -53.1343, -10.5403, -0.00012207, -7.43002, 10.5403, 0.00012207, 7.43002, 39.7871, -0.000244141, -53.5053, -3.80141, 0, -16.7608, 3.80141, 0, 16.7608, 70.8895, -0.00012207, -42.9651, -4.31977, 0, -16.588, 4.31977, 0, 16.588, 64.669, 0, -9.44356, -14.8327, 0, 5.03643, 14.8327, 0, -5.03643, 104.784, 0, 0.258242, 0, 0, 0, 0, 0, 0, 127.392, -0.00012207, -29.3145),
"tilts": PackedFloat32Array(0, 0, 0, 0, 0, 0, 0, 0)
}
point_count = 8

[sub_resource type="StandardMaterial3D" id="StandardMaterial3D_bpcjj"]
albedo_color = Color(0.0177324, 0.0177324, 0.0177324, 1)
uv1_triplanar = true
uv1_triplanar_sharpness = 4.59479
texture_filter = 5

[node name="Road" type="Node3D"]
script = ExtResource("1_rxb2r")
checkpoint_scene = ExtResource("2_hdaay")
negativeCheckpoint_scene = ExtResource("3_24a50")

[node name="Path3D" type="Path3D" parent="."]
curve = SubResource("Curve3D_8xb2r")

[node name="PathFollow3D" type="PathFollow3D" parent="Path3D"]
transform = Transform3D(-0.682565, -3.55968e-06, -0.730825, 1.13687e-13, 1, -4.87077e-06, 0.730825, -3.32462e-06, -0.682565, -33.9674, -0.000244141, -60.9099)

[node name="road" type="CSGPolygon3D" parent="."]
use_collision = true
collision_mask = 3
polygon = PackedVector2Array(-10, 0, -10, 0, 10, 0, 10, 0)
mode = 2
path_node = NodePath("../Path3D")
path_interval_type = 0
path_interval = 1.0
path_simplify_angle = 0.0
path_rotation = 2
path_local = false
path_continuous_u = true
path_u_distance = 1.0
path_joined = false
material = SubResource("StandardMaterial3D_bpcjj")

[node name="wall" type="CSGPolygon3D" parent="."]
use_collision = true
collision_mask = 3
polygon = PackedVector2Array(-10, 0, -10, 2, -10, 2, -10, 0)
mode = 2
path_node = NodePath("../Path3D")
path_interval_type = 0
path_interval = 1.0
path_simplify_angle = 0.0
path_rotation = 2
path_local = false
path_continuous_u = true
path_u_distance = 1.0
path_joined = false

[node name="wall2" type="CSGPolygon3D" parent="."]
use_collision = true
collision_mask = 3
polygon = PackedVector2Array(10, 0, 10, 2, 10, 2, 10, 0)
mode = 2
path_node = NodePath("../Path3D")
path_interval_type = 0
path_interval = 1.0
path_simplify_angle = 0.0
path_rotation = 2
path_local = false
path_continuous_u = true
path_u_distance = 1.0
path_joined = false

[node name="CSGBox3D" type="CSGBox3D" parent="."]
transform = Transform3D(0.511728, 0, -0.859147, 0, 1, 0, 0.859147, 0, 0.511728, -33.8014, 0.476747, -60.2037)
use_collision = true
collision_mask = 3
size = Vector3(1, 3.1425, 22.6431)

[node name="CSGBox3D2" type="CSGBox3D" parent="."]
transform = Transform3D(-0.302885, 0, -0.953027, 0, 1, 0, 0.953027, 0, -0.302885, 127.518, 0.476747, -27.5496)
use_collision = true
collision_mask = 3
size = Vector3(1, 3.1425, 22.6431)

[node name="obstacles" type="Node" parent="."]

[node name="CSGBox3D8" type="CSGBox3D" parent="obstacles"]
transform = Transform3D(1, -0.000209123, -9.166e-12, -2.07877e-15, -4.37114e-08, 1, -0.000209123, -1, -4.37114e-08, -14.3283, 0, -51.3924)
use_collision = true
size = Vector3(4, 12.4569, 6.79)

[node name="CSGBox3D15" type="CSGBox3D" parent="obstacles"]
transform = Transform3D(0.969531, -0.244969, -1.07079e-08, -2.07877e-15, -4.37114e-08, 1, -0.244969, -0.969531, -4.23795e-08, 0.918074, 0, -41.8889)
use_collision = true
size = Vector3(4, 12.4569, 6.79)

[node name="CSGBox3D2" type="CSGBox3D" parent="obstacles"]
transform = Transform3D(0.843692, -0.536828, -2.34655e-08, -2.66228e-15, -4.37114e-08, 1, -0.536828, -0.843692, -3.68789e-08, 8.57789, 0, -59.1673)
use_collision = true
size = Vector3(4, 10.0922, 6.79)

[node name="CSGBox3D13" type="CSGBox3D" parent="obstacles"]
transform = Transform3D(0.964429, -0.264344, -1.15548e-08, -2.66228e-15, -4.37114e-08, 1, -0.264344, -0.964429, -4.21565e-08, 24.5503, 0, -56.8223)
use_collision = true
size = Vector3(4, 5.72426, 6.79)

[node name="CSGBox3D14" type="CSGBox3D" parent="obstacles"]
transform = Transform3D(0.964429, -0.264344, -1.15548e-08, -2.66228e-15, -4.37114e-08, 1, -0.264344, -0.964429, -4.21565e-08, 37.6825, 0, -48.0099)
use_collision = true
size = Vector3(4, 5.72426, 6.79)

[node name="CSGBox3D3" type="CSGBox3D" parent="obstacles"]
transform = Transform3D(0.899237, 0.437461, 1.9122e-08, 0, -4.37114e-08, 1, 0.437461, -0.899237, -3.93069e-08, 46.9959, 0, -58.4727)
use_collision = true
size = Vector3(4, 6.84383, 6.79)

[node name="CSGBox3D12" type="CSGBox3D" parent="obstacles"]
transform = Transform3D(0.999407, 0.0344112, 1.50413e-09, 0, -4.37114e-08, 1, 0.0344112, -0.999407, -4.36855e-08, 54.0804, 0, -44.9949)
use_collision = true
size = Vector3(4, 11.4339, 6.79)

[node name="CSGBox3D4" type="CSGBox3D" parent="obstacles"]
transform = Transform3D(-0.99181, 0.127723, 5.58287e-09, 0, -4.37114e-08, 1, 0.127723, 0.99181, 4.33534e-08, 69.2688, 0, -50.1652)
use_collision = true
size = Vector3(3.43745, 10.0922, 6.79)

[node name="CSGBox3D5" type="CSGBox3D" parent="obstacles"]
transform = Transform3D(-0.815633, 0.57857, 2.52901e-08, -8.21479e-18, -4.37114e-08, 1, 0.57857, 0.815633, 3.56525e-08, 62.0137, 0, -24.6575)
use_collision = true
size = Vector3(15.6941, 6.75493, 6.79)

[node name="CSGBox3D6" type="CSGBox3D" parent="obstacles"]
transform = Transform3D(0.169934, -0.985456, -4.30756e-08, 8.63508e-16, -4.37114e-08, 1, -0.985456, -0.169934, -7.42806e-09, 67.7865, 0, 3.98055)
use_collision = true
size = Vector3(3.43745, 12.3845, 6.79)

[node name="CSGBox3D7" type="CSGBox3D" parent="obstacles"]
transform = Transform3D(1, 0, 0, 0, 1, 0, 0, 0, 1, 88.6157, 0, -2.4968)
use_collision = true
size = Vector3(3.43745, 12.3845, 10.7876)

[node name="CSGBox3D9" type="CSGBox3D" parent="obstacles"]
transform = Transform3D(1, 0, 0, 0, 1, 0, 0, 0, 1, 99.156, 0, 7.00675)
use_collision = true
size = Vector3(3.43745, 12.3845, 10.7876)

[node name="CSGBox3D10" type="CSGBox3D" parent="obstacles"]
transform = Transform3D(0.927347, 0, 0.374202, 0, 1, 0, -0.374202, 0, 0.927347, 107.623, 0, -9.58126)
use_collision = true
size = Vector3(3.43745, 12.3845, 10.7876)

[node name="CSGBox3D11" type="CSGBox3D" parent="obstacles"]
transform = Transform3D(0.810011, 0, -0.586415, 0, 1, 0, 0.586415, 0, 0.810011, 123.174, 0, -15.1106)
use_collision = true
size = Vector3(3.43745, 12.3845, 10.7876)
